6521
107963
107967
107970
107960
1008
1002
50977
56829
6521
107963
107967
107970
107960
1008
1002
50977
56829
6521
107963
107967
107970
107960
1008
1002
50977
56829
6521
107963
107967
107970
107960
1008
1002
50977
56829
6521
107963
107967
107970
107960
1008
1002
50977
56829
6521
107963
107967
107970
107960
1008
1002
50977
56829
6521
107963
107967
107970
107960
1008
1002
50977
56829
6521
107963
107967
107970
107960
1008
1002
50977
56829
6521
107963
107967
107970
107960
1008
1002
50977
56829
6521
107963
107967
107970
107960
1008
1002
50977
56829
6521
107963
107967
107970
107960
1008
1002
50977
56829
6521
107963
107967
107970
107960
1008
1002
50977
56829
6521
107963
107967
107970
107960
1008
1002
50977
56829
6521
107963
107967
107970
107960
1008
1002
50977
56829
